<?xml version="1.0"?>
<opencv_storage>
<cameraMatrix type_id="opencv-matrix">
  <rows>3</rows>
  <cols>3</cols>
  <dt>d</dt>
  <data>
    1231.3286774632959 0. 744.03151798533293 0. 1223.7983175377726
    358.9846249652723 0. 0. 1.</data></cameraMatrix>
<distCoeffs type_id="opencv-matrix">
  <rows>1</rows>
  <cols>5</cols>
  <dt>d</dt>
  <data>
    0.11552635184620702 -0.09582978701393477 -0.00031662782604741855
    0.031827549046139048 -0.078108159887496087</data></distCoeffs>
</opencv_storage>
